2357 1306
R2 R3 P2 R4 P3 R0 R1 P0 P1 P4 
P0(1123,339) IF[GET_CONDITION[R0,0,1]] DO[1] DO[3];
P1(1351,600) IF[GET_CONDITION[P3,0,1]] DO[0];
P2(1522,957) IF[0.3] SET_CONDITION[0,1];
P3(1436,1060) IF[0.1] SET_CONDITION[0,1];
P4(1257,1046) IF[GET_CONDITION[P2,0,1]] IF[GET_CONDITION[R3,0,1]] DO[2];
R0(1077,312,101,43) IF[0.0] SET_CONDITION[0,1];
R1(1077,365,558,476) ;
R2(1107,855,185,45) ;
R3(1238,942,26,24) IF[0.2] SET_CONDITION[0,1];
R4(1077,992,543,156) ;
A0:DO[0,greenbutton];
A1:DO[0,donebutton];
A2:DO[0,matchbutton];
A3:DO[0,nextbutton];
none,
DoneButton.bmp,DoneButton.bmp,0,	LikeButton.bmp,LikeButton.bmp,0,	MatchMessageIcon.bmp,MatchMessageIcon.bmp,0,	MatchWhiteField.bmp,MatchWhiteField.bmp,0,	PassButton.bmp,PassButton.bmp,0,	
586294550 0
620568843 0
-44219489 0
364761051 0
722152211 0
330943704 0
-311733730 0
756302116 0
433058291 0
-112118893 0
688405539 0
926976340 0
-839866962 0
569251337 0
569117183 0
739264814 0
295108393 2
-803183037 1
11979602 0
-908816211 0
-533460236 0
467402745 0
-805720141 0
824269111 0
-78431845 0
483584494 0
705312542 0
449700841 0
585894658 0
654449412 0
892563267 0
-669983784 0
-822891854 0
-129026667 0
-891907666 0
-891051342 0
533680993 2
500559088 0
671556361 0
-789532481 0
-789006916 0
654251779 0
415815903 0
688597261 0
636688912 0
789990706 0
-857827151 0
-788941895 0
636887573 0
636755732 0
772950834 0
671227401 0
688663310 0
363271993 2
603663382 0
603069712 0
-942633815 0
-856841813 0
654317571 0
-146726772 0
-805719370 0
569185031 0
-95077479 0
-993492833 0
381998299 0
637546778 0
-805653578 0
618885493 2
-27774572 0
552674065 0
499599193 2
-146000747 0
-146132331 0
416014564 0
-805851211 0
722283024 0
449832425 0
552079881 0
705241867 0
-27704925 0
-10598747 0
688464392 0
-993558625 0
-805587272 0
415882209 0
518064387 0
-941846624 0
535230703 0
228499643 0
347655387 0
620299764 0
313501627 0
-345819385 0
-874411105 0
-431549707 0
175822093 2
329190193 2
448476493 2
550721893 2
516640093 2
482558293 2
465517393 2
414394693 2
312149293 2
192862993 2
431435593 2
687049093 2
652967293 2
601844593 2
635926393 2
670008193 2
567762793 2
704089993 2
789294493 2
772253593 2
738171793 2
721130893 2
755212693 2
823376293 2
806335393 2
584803693 2
50462204 3
33421304 3
823414329 4
806373686 4
789333043 4
